16589	16036
15925	16709
15925	16709
16081	16635
16527	16136
16005	16637
16416	16301
16167	16527
16552	16081
16273	16450
16197	16516
16527	16136
16226	16471
16500	16170
16097	16577
16144	16566
16274	16425
16497	16199
16347	16374
16552	16081
16087	16596
15954	16671
15946	16698
16337	16393
15991	16648
16219	16487
15986	16668
16294	16419
16500	16170
16248	16460
16387	16328
16460	16254
16219	16487
16349	16340
16394	16315
16317	16407
16467	16241
16197	16516
16248	16460
16155	16545
16152	16565
16424	16273
16561	16060
16482	16215
16296	16410
16437	16259
16482	16215
16364	16333
16003	16638
16561	16060
16337	16393
16317	16407
15950	16680
16471	16231
16394	16315
16155	16545
16347	16374
16471	16231
16144	16566
16497	16199
16560	16063
16428	16264
16091	16584
16087	16596
15989	16663
16424	16273
16097	16577
16364	16333
15946	16698
16353	16335
16437	16259
15950	16680
16387	16328
16460	16254
16560	16063
16091	16584
16428	16264
16351	16338
15954	16671
15989	16663
16274	16425
15986	16668
16296	16410
16353	16335
16005	16637
16349	16340
16527	16136
16561	16060
16337	16393
16394	16315
16087	16596
16424	16273
16097	16577
16387	16328
16460	16254
16349	16340
16460	16254
16394	16315
16561	16060
16097	16577

15995	16670
16598	16016
16598	16016
15995	16670
16129	16608
16466	16307
16047	16637
16595	16066
16564	16075
16003	16639
16047	16637
16510	16245
16437	16353
16392	16388
16241	16507
16298	16460
16553	16124
16475	16250
16360	16389
16129	16608
16538	16156
16518	16223
16244	16482
16397	16363
16468	16266
16145	16569
16209	16510
16198	16541
16538	16156
16437	16353
16545	16130
16414	16358
16277	16467
16146	16564
16518	16223
16200	16537
16469	16253
16414	16358
16208	16515
16145	16569
16564	16075
16277	16467
16553	16124
16266	16473
16146	16564
16266	16473
16255	16478
16255	16478
16468	16266
16348	16391
16208	16515
16545	16130
16200	16537
16595	16066
16003	16639
16397	16363
16198	16541
16346	16393
16241	16507
16348	16391
16209	16510
16346	16393
15995	16670
16598	16016
16564	16075
16553	16124
16468	16266
16200	16537
16595	16066
16241	16507
16348	16391
16346	16393
16468	16266
16348	16391
16200	16537
16564	16075
16346	16393
16564	16075
16346	16393
16346	16393
16181	16560
16522	16206
16538	16156
16344	16445
16553	16124
16595	16066
16277	16467
16468	16266
16291	16454
16389	16271
16166	16548
16166	16548
16520	16187
16522	16133
16342	16394
16335	16435
16540	15978
16269	16463
16457	16266
16460	16189

16567	16124
15898	16716
15898	16716
16567	16124
15964	16685
15964	16685
16166	16584
16037	16670
16089	16641
16396	16371
16365	16388
16119	16590
16253	16507
16201	16551
16310	16457
16538	16161
16108	16601
16397	16332
16258	16475
16089	16641
16054	16663
16054	16663
16467	16269
16538	16161
16320	16425
16173	16553
16228	16514
16472	16242
16489	16209
16037	16670
16528	16172
16212	16529
16522	16193
16292	16466
16456	16290
16488	16228
16467	16269
16108	16601
16328	16405
16325	16423
16348	16400
16505	16208
16220	16528
16179	16552
16292	16466
16272	16469
16396	16371
16310	16457
16438	16293
16355	16392
16528	16172
16333	16402
16430	16300
16412	16312
16513	16201
16513	16201
16420	16306
16112	16593
16228	16514
16480	16235
16480	16235
16522	16193
16410	16320
16430	16300
16420	16306
16166	16584
16450	16291
16253	16507
16472	16242
16320	16425
16456	16290
16212	16529
16355	16392
16267	16470
16258	16475
16404	16325
16438	16293
16267	16470
16402	16329
16348	16400
16505	16208
16220	16528
16488	16228
16412	16312
16272	16469
16450	16291
16173	16553
16410	16320
16404	16325
16112	16593
16333	16402
16179	16552
16328	16405
16402	16329
16325	16423
16397	16332
16489	16209
16258	16475
16488	16228
16258	16475

16662	15952
16131	16526
16662	15952
16309	16464
16234	16482
16469	16312
16626	16074
16354	16417
16338	16426
16189	16515
16146	16521
16309	16464
16474	16273
16371	16401
16604	16109
16627	16033
16536	16209
16338	16426
16575	16149
16518	16211
16631	15985
16626	16074
16444	16321
16636	15977
16507	16242
16628	16016
16644	15965
16604	16109
16586	16126
16388	16366
16234	16482
16575	16149
16541	16195
16510	16228
16146	16521
16483	16269
16644	15965
16198	16507
16628	16016
16510	16228
16208	16496
16552	16168
16383	16371
16198	16507
16379	16385
16627	16033
16586	16126
16444	16321
16549	16184
16216	16495
16561	16160
16419	16333
16396	16360
16541	16195
16189	16515
16222	16486
16561	16160
16491	16257
16430	16332
16396	16360
16436	16329
16469	16312
16596	16115
16494	16256
16418	16336
16549	16184
16483	16269
16404	16352
16596	16115
16590	16120
16405	16348
16497	16250
16379	16385
16375	16393
16375	16393
16208	16496
16436	16329
16631	15985
16518	16211
16414	16341
16557	16162
16551	16175
16499	16249
16491	16257
16228	16483
16222	16486
16474	16273
16590	16120
16383	16371
16551	16175
16499	16249
16404	16352
16409	16345
16414	16341
16409	16345
16216	16495
16430	16332
16228	16483
16557	16162
16396	16360

16506	16191
16506	16191
15765	16787
15765	16787
15821	16762
16012	16690
16303	16449
15881	16742
15881	16742
16083	16653
16127	16590
15952	16722
15940	16723
16411	16297
15805	16780
16315	16407
16090	16629
15952	16722
16235	16503
16389	16337
16012	16690
16165	16571
16469	16218
16469	16218
16271	16472
16316	16394
16303	16449
15771	16783
16048	16655
16398	16317
16365	16345
16211	16507
16019	16665
15940	16723
16169	16548
16147	16576
16358	16370
16398	16317
16271	16472
16024	16658
16412	16282
16117	16606
16326	16383
16190	16525
16315	16407
16440	16262
16342	16374
16048	16655
16147	16576
16448	16232
16359	16355
16442	16250
16201	16517
16181	16539
16256	16473
16245	16483
16326	16383
16342	16374
16442	16250
16243	16493
16201	16517
15805	16780
16093	16619
16389	16337
16190	16525
16458	16224
16426	16275
16427	16272
16117	16606
16365	16345
16019	16665
16211	16507
16105	16611
16458	16224
16440	16262
16243	16493
16176	16541
16427	16272
16359	16355
16254	16476
16169	16548
16100	16613
16181	16539
16105	16611
16254	16476
16245	16483
16093	16619
16451	16230
16165	16571
15771	16783
16426	16275
16412	16282
16451	16230
16176	16541
16100	16613
16024	16658
16448	16232
16358	16370
16469	16218
16458	16224

16595	16027
16595	16027
15922	16696
15922	16696
16563	16096
16550	16168
16576	16043
15976	16677
16102	16604
16145	16598
16084	16627
16024	16671
15976	16677
16511	16175
16302	16446
16198	16550
16046	16633
16334	16434
16486	16208
16419	16316
16481	16236
16357	16389
16268	16492
16502	16194
16395	16340
16294	16472
16244	16505
16343	16399
16422	16292
16247	16496
16576	16043
16446	16264
16227	16510
16226	16522
16430	16283
16399	16338
16146	16578
16419	16316
16338	16420
16276	16489
16382	16356
16430	16283
16369	16380
16084	16627
16102	16604
16294	16472
16502	16194
16210	16534
16446	16264
16045	16643
16041	16650
16379	16368
16038	16658
16399	16338
16276	16489
16550	16168
16024	16671
16300	16455
16382	16356
16338	16420
16486	16208
16369	16380
16210	16534
16345	16394
16038	16658
16334	16434
16511	16175
16379	16368
16300	16455
16152	16577
16152	16577
16205	16541
16205	16541
16226	16522
16422	16292
16145	16598
16046	16633
16345	16394
16247	16496
16481	16236
16227	16510
16146	16578
15922	16696
16399	16338
16226	16522
15922	16696
16469	16252
16365	16383
16369	16380
16502	16194
16387	16341
16102	16604
16177	16570
15922	16696
16469	16252
16294	16472
16528	16045
16066	16599
15872	16657
16466	16238

16001	16664
16614	16153
16001	16664
16614	16153
16122	16639
16062	16663
16289	16497
16144	16608
16062	16663
16181	16589
16463	16323
16500	16294
16488	16317
16191	16558
16305	16461
16426	16365
16144	16608
16433	16341
16355	16429
16371	16418
16549	16226
16555	16199
16233	16525
16259	16517
16394	16376
16518	16254
16453	16333
16345	16450
16279	16508
16583	16177
16181	16589
16583	16177
16510	16264
16259	16517
16448	16340
16537	16245
16388	16391
16408	16369
16336	16451
16373	16397
16190	16572
16233	16525
16501	16283
16575	16191
16218	16534
16321	16452
16541	16236
16355	16429
16208	16546
16501	16283
16190	16572
16279	16508
16488	16317
16218	16534
16305	16461
16549	16226
16581	16178
16208	16546
16510	16264
16371	16418
16311	16459
16210	16541
16537	16245
16311	16459
16426	16365
16517	16258
16567	16192
16539	16237
16345	16450
16378	16395
16321	16452
16388	16391
16561	16195
16555	16199
16402	16372
16210	16541
16561	16195
16378	16395
16433	16341
16517	16258
16402	16372
16374	16396
16575	16191
16581	16178
16567	16192
16405	16370
16405	16370
16539	16237
16373	16397
16062	16663
16583	16177
16355	16429
16190	16572
16549	16226
16537	16245
16373	16397
16373	16397
16537	16245
16537	16245
16537	16245

16604	15866
16604	15866
15839	16678
15839	16678
16591	15957
16571	16043
16573	15963
16542	16097
16101	16534
16025	16600
16053	16579
16064	16548
16571	16043
15982	16604
15888	16659
16091	16547
16412	16274
15964	16626
16452	16221
16129	16518
16341	16324
16505	16118
16496	16168
15912	16632
16234	16414
15950	16627
16140	16499
16532	16108
16308	16374
16262	16411
16501	16135
16161	16494
16025	16600
16456	16198
16427	16229
16339	16342
16480	16189
16053	16579
16310	16356
16177	16460
16333	16349
16129	16518
16389	16293
16168	16480
15892	16657
16230	16420
16414	16255
16207	16443
16186	16457
15903	16635
16421	16236
16395	16286
16292	16379
16280	16388
15978	16606
16372	16313
16385	16303
16485	16177
16277	16400
16168	16480
15888	16659
16197	16447
16466	16190
16359	16315
16501	16135
16294	16378
16322	16353
16192	16450
16414	16255
16359	16315
16223	16429
16532	16108
15901	16646
15950	16627
16395	16286
16212	16437
15978	16606
16140	16499
16372	16313
16318	16355
16223	16429
15912	16632
16421	16236
16427	16229
16496	16168
16485	16177
16385	16303
16505	16118
16266	16409
16212	16437
16266	16409
15901	16646
16064	16548
16177	16460
16161	16494
16452	16221
16456	16198
16277	16400
16280	16388
16466	16190

16608	15991
16608	15991
16162	16595
16162	16595
16600	16109
16239	16517
16509	16262
16193	16576
16579	16149
16214	16540
16552	16178
16550	16207
16214	16540
16600	16109
16587	16148
16304	16470
16193	16576
16482	16281
16265	16515
16532	16220
16372	16407
16290	16485
16407	16383
16552	16178
16391	16392
16363	16416
16532	16220
16348	16418
16290	16485
16282	16501
16442	16331
16431	16345
16340	16435
16330	16444
16480	16291
16512	16243
16391	16392
16275	16505
16482	16281
16442	16331
16330	16444
16470	16300
16310	16464
16462	16301
16587	16148
16447	16321
16431	16345
16310	16464
16454	16309
16423	16348
16414	16361
16522	16234
16344	16424
16550	16207
16282	16501
16470	16300
16522	16234
16381	16401
16320	16455
16272	16510
16407	16383
16340	16435
16363	16416
16453	16315
16411	16372
16447	16321
16322	16454
16413	16371
16322	16454
16462	16301
16480	16291
16320	16455
16381	16401
16265	16515
16344	16424
16379	16402
16454	16309
16272	16510
16419	16355
16421	16354
16419	16355
16379	16402
16520	16235
16517	16240
16348	16418
16453	16315
16414	16361
16411	16372
16512	16243
16423	16348
16517	16240
16520	16235
16515	16241
16515	16241
16421	16354
16413	16371
16320	16455
16344	16424
16272	16510
16517	16240

16022	16655
16599	16103
16022	16655
16599	16103
16304	16452
16503	16257
16543	16186
16510	16224
16057	16647
16318	16426
16193	16543
16358	16402
16247	16492
16269	16463
16125	16591
16562	16162
16407	16335
16101	16592
16200	16516
16466	16305
16569	16136
16252	16466
16427	16332
16479	16266
16172	16554
16174	16544
16552	16166
16441	16310
16590	16120
16078	16630
16066	16631
16269	16463
16222	16514
16335	16413
16474	16275
16131	16585
16432	16319
16304	16452
16232	16498
16153	16555
16469	16296
16360	16396
16529	16207
16510	16224
16529	16207
16140	16565
16363	16383
16536	16202
16082	16618
16093	16604
16093	16604
16399	16351
16569	16136
16198	16525
16321	16421
16082	16618
16380	16364
16335	16413
16057	16647
16366	16379
16379	16368
16394	16354
16576	16122
16251	16478
16228	16508
16503	16257
16578	16121
16251	16478
16394	16354
16131	16585
16366	16379
16469	16296
16474	16275
16198	16525
16479	16266
16143	16561
16552	16166
16140	16565
16379	16368
16536	16202
16329	16417
16380	16364
16562	16162
16399	16351
16407	16335
16153	16555
16228	16508
16232	16498
16441	16310
16329	16417
16590	16120
16066	16631
16143	16561
16436	16315
16436	16315
16101	16592
16466	16305
16427	16332
16222	16514
16576	16122

16609	16062
15972	16685
16609	16062
15972	16685
16303	16458
16583	16126
16503	16205
16536	16204
16593	16091
16181	16571
16539	16163
16161	16588
16013	16637
16089	16629
16378	16403
16502	16245
16113	16593
16557	16136
16393	16362
16255	16487
16381	16372
16054	16630
16054	16630
16556	16158
16237	16499
16189	16547
16000	16668
16272	16476
16098	16603
16314	16433
16323	16410
16489	16271
16005	16660
16433	16319
16502	16245
16272	16476
16352	16405
16226	16516
16401	16348
16215	16521
16161	16588
16448	16298
16603	16073
16345	16406
16000	16668
16230	16501
16212	16527
16189	16547
16603	16073
16426	16324
16433	16319
16489	16271
16459	16290
16417	16337
16098	16603
16105	16594
16412	16343
16448	16298
16005	16660
16314	16433
16472	16284
16203	16534
16321	16428
16013	16637
16417	16337
16472	16284
16263	16481
16203	16534
16459	16290
16426	16324
16381	16372
16113	16593
16401	16348
16263	16481
16481	16281
16557	16136
16322	16420
16345	16406
16412	16343
16451	16296
16089	16629
16322	16420
16451	16296
16484	16277
16226	16516
16484	16277
16352	16405
16205	16533
16205	16533
16105	16594
16556	16158
16321	16428
16481	16281
16230	16501
16323	16410
16378	16403
16536	16204
16556	16158
16230	16501
16536	16204

16614	16067
16084	16616
16084	16616
16614	16067
16571	16209
16167	16591
16581	16141
16246	16513
16518	16213
16228	16549
16277	16501
16430	16342
16282	16481
16454	16337
16204	16559
16176	16574
16489	16277
16312	16473
16167	16591
16605	16084
16581	16141
16605	16084
16319	16467
16246	16513
16399	16382
16352	16415
16228	16549
16474	16287
16399	16382
16589	16108
16585	16118
16589	16108
16377	16402
16345	16434
16455	16312
16419	16363
16338	16449
16419	16363
16197	16561
16496	16242
16362	16408
16390	16391
16474	16287
16176	16574
16345	16434
16507	16239
16424	16358
16390	16391
16197	16561
16377	16402
16329	16458
16462	16300
16329	16458
16277	16501
16362	16408
16338	16449
16508	16229
16456	16302
16517	16226
16312	16473
16494	16254
16494	16254
16491	16267
16462	16300
16571	16209
16352	16415
16585	16118
16282	16481
16491	16267
16424	16358
16455	16312
16514	16227
16454	16337
16514	16227
16496	16242
16518	16213
16507	16239
16456	16302
16508	16229
16517	16226
16581	16141
16605	16084
16228	16549
16399	16382
16329	16458
16312	16473
16571	16209
16352	16415
16491	16267
16455	16312
16518	16213
16507	16239
16508	16229
16329	16458
16491	16267
16571	16209
16518	16213
16491	16267
16491	16267
16399	16382

16687	15959
15893	16713
16687	15959
15893	16713
16250	16511
15980	16657
16299	16488
15954	16681
16044	16645
16190	16559
16110	16614
15954	16681
16150	16584
16581	16164
16303	16455
16470	16314
16419	16351
16500	16267
16542	16195
16500	16267
16652	16030
16483	16299
16631	16069
16554	16173
16663	15995
16642	16036
16361	16410
16346	16413
16371	16396
16114	16585
16584	16153
16331	16421
16613	16103
15977	16669
16112	16587
16200	16527
16080	16628
16671	15983
16080	16628
16483	16299
16514	16238
16312	16452
16453	16318
16221	16512
16620	16084
16531	16223
16162	16572
16671	15983
16299	16488
16586	16131
16198	16546
16398	16369
16409	16367
16631	16069
16426	16337
16438	16332
16202	16517
16061	16631
16548	16176
16388	16385
16317	16438
16156	16573
16213	16514
16534	16208
16663	15995
16620	16084
16592	16116
16591	16125
16605	16104
16438	16332
16162	16572
16044	16645
16453	16318
16319	16435
16516	16235
16327	16430
16379	16388
16051	16638
16652	16030
16642	16036
16514	16238
16110	16614
16534	16208
16198	16546
15977	16669
16531	16223
16516	16235
16051	16638
16605	16104
16592	16116
16388	16385
16061	16631
16426	16337
16409	16367
16398	16369
16379	16388
16327	16430
16548	16176
16221	16512
16586	16131

16611	15979
16611	15979
15976	16694
16086	16657
16183	16554
16086	16657
16134	16613
16168	16592
16134	16613
16593	16003
16233	16548
16357	16423
16540	16219
16513	16232
16385	16412
16585	16024
16243	16517
16168	16592
16269	16506
16448	16320
16479	16280
16469	16313
16497	16244
16289	16487
16541	16192
16490	16271
16416	16351
16324	16452
16335	16425
16416	16351
16421	16337
16471	16303
16404	16372
16393	16390
16242	16531
16275	16498
16404	16372
16183	16554
16326	16442
16489	16279
16582	16039
16385	16412
16438	16333
16471	16303
16309	16456
16289	16487
16448	16320
16242	16531
16269	16506
16275	16498
16296	16474
16508	16239
16401	16382
16233	16548
16490	16271
16296	16474
16303	16458
16540	16219
16432	16334
16499	16241
16331	16437
16300	16466
16438	16333
16243	16517
16541	16192
16300	16466
16497	16244
16309	16456
16582	16039
16401	16382
16479	16280
16393	16390
16432	16334
16469	16313
16395	16389
16421	16337
16332	16430
16395	16389
16508	16239
16324	16452
16331	16437
16303	16458
16333	16427
16499	16241
16335	16425
16332	16430
16333	16427
16541	16192
16577	16185
16373	16315
16406	16201
16577	16046
16577	16046
16542	16181
16571	16114
16544	16173
16552	16145
16571	16114
16556	16140
16556	16140

16161	16581
16697	15923
16697	15923
16161	16581
16645	16122
16168	16570
16212	16537
16246	16527
16364	16418
16671	15993
16656	16055
16212	16537
16592	16176
16671	15993
16659	16045
16687	15952
16297	16480
16435	16345
16446	16338
16687	15952
16328	16451
16593	16141
16611	16126
16553	16218
16269	16485
16307	16454
16261	16494
16534	16255
16547	16243
16499	16294
16349	16447
16571	16193
16504	16261
16430	16368
16455	16320
16482	16310
16510	16259
16375	16406
16246	16527
16568	16203
16422	16369
16261	16494
16467	16313
16659	16045
16302	16462
16656	16055
16375	16406
16384	16391
16553	16218
16571	16193
16534	16255
16603	16131
16349	16447
16547	16243
16568	16203
16592	16176
16455	16320
16467	16313
16645	16122
16603	16131
16384	16391
16390	16385
16399	16382
16341	16448
16490	16297
16411	16373
16269	16485
16302	16462
16493	16295
16611	16126
16482	16310
16399	16382
16341	16448
16407	16376
16490	16297
16593	16141
16297	16480
16407	16376
16390	16385
16510	16259
16411	16373
16499	16294
16430	16368
16504	16261
16506	16260
16506	16260
16161	16581
16659	16045
16553	16218
16534	16255
16568	16203
16592	16176
16455	16320
16490	16297
16390	16385
16411	16373
16411	16373
16659	16045
16659	16045
16659	16045

16728	15794
15985	16696
15985	16696
16728	15794
16655	16065
16559	16237
16620	16067
16662	15958
16056	16658
16692	15922
16614	16141
15989	16691
16521	16249
16709	15875
16362	16419
16238	16518
16716	15831
16709	15875
16582	16187
16597	16149
16380	16391
16413	16379
16716	15831
16084	16617
16064	16638
16056	16658
16589	16163
16321	16439
16433	16349
16452	16340
16255	16517
16213	16525
16667	15933
16316	16458
16582	16187
15989	16691
16277	16477
16104	16608
16180	16555
16662	15958
16084	16617
16585	16177
16415	16361
16064	16638
16471	16310
16513	16261
16346	16426
16376	16403
16284	16471
16104	16608
16455	16322
16205	16534
16188	16545
16149	16576
16165	16564
16168	16556
16149	16576
16672	15931
16477	16301
16120	16597
16465	16316
16498	16293
16346	16426
16198	16535
16332	16436
16269	16497
16295	16470
16193	16543
16120	16597
16137	16584
16503	16287
16269	16497
16376	16403
16508	16273
16414	16367
16483	16299
16505	16280
16332	16436
16307	16461
16271	16493
16458	16319
16509	16264
16255	16517
16129	16591
16137	16584
16307	16461
16427	16351
16380	16391
16213	16525
16427	16351
16129	16591
16165	16564
16295	16470
16614	16141
16672	15931
16483	16299
16413	16379
16452	16340
16498	16293
16271	16493

16079	16616
16702	15931
16702	15931
16079	16616
16176	16582
16117	16583
16690	15983
16673	16024
16616	16127
16592	16165
16626	16084
16690	15983
16571	16168
16598	16137
16641	16035
16228	16518
16638	16068
16413	16372
16098	16612
16535	16226
16249	16513
16390	16373
16480	16277
16348	16431
16469	16309
16536	16205
16422	16355
16356	16403
16378	16401
16324	16436
16385	16387
16648	16032
16637	16074
16441	16319
16564	16188
16495	16274
16473	16303
16414	16356
16277	16485
16451	16312
16673	16024
16215	16537
16370	16402
16278	16470
16199	16545
16207	16538
16313	16453
16440	16329
16308	16456
16433	16335
16506	16260
16519	16239
16185	16565
16190	16562
16269	16487
16265	16494
16224	16530
16355	16417
16513	16245
16259	16498
16297	16460
16616	16127
16626	16084
16108	16589
16519	16239
16386	16379
16339	16434
16556	16195
16545	16204
16102	16600
16476	16289
16431	16343
16556	16195
16286	16469
16199	16545
16598	16137
16297	16460
16249	16513
16506	16260
16648	16032
16320	16444
16102	16600
16476	16289
16355	16417
16259	16498
16498	16268
16564	16188
16431	16343
16535	16226
16451	16312
16513	16245
16320	16444
16545	16204
16286	16469
16190	16562
16185	16565
16108	16589
16339	16434
16224	16530
16498	16268

16597	16045
16597	16045
15975	16611
15975	16611
16593	16110
16040	16608
16105	16566
16177	16550
16092	16590
16159	16552
16040	16608
16564	16150
16199	16520
16448	16313
16578	16136
16341	16421
16262	16484
16343	16410
16242	16486
16487	16274
16159	16552
16298	16455
16442	16322
16211	16504
16518	16244
16593	16110
16471	16288
16399	16350
16532	16216
16194	16526
16302	16441
16280	16458
16092	16590
16529	16232
16101	16582
16487	16274
16578	16136
16273	16471
16454	16291
16263	16473
16555	16172
16194	16526
16498	16258
16393	16375
16413	16343
16357	16404
16413	16343
16546	16203
16551	16196
16385	16378
16359	16396
16453	16295
16427	16335
16504	16257
16309	16438
16395	16366
16105	16566
16471	16288
16546	16203
16323	16425
16555	16172
16554	16181
16532	16216
16226	16502
16319	16426
16375	16390
16570	16146
16234	16499
16433	16329
16504	16257
16427	16335
16211	16504
16395	16366
16433	16329
16309	16438
16519	16241
16385	16378
16371	16391
16529	16232
16554	16181
16101	16582
16570	16146
16498	16258
16399	16350
16232	16500
16375	16390
16319	16426
16519	16241
16278	16463
16551	16196
16278	16463
16242	16486
16371	16391
16453	16295
16234	16499
16357	16404
16323	16425
16226	16502
16359	16396
16298	16455

16559	16066
15986	16646
16559	16066
15986	16646
16219	16554
16546	16145
16062	16619
16138	16591
16138	16591
16238	16509
16219	16554
16546	16145
16263	16476
16361	16396
16289	16427
16520	16186
16308	16423
16520	16186
16062	16619
16327	16408
16104	16592
16517	16201
16282	16462
16484	16233
16480	16259
16503	16204
16362	16381
16408	16340
16458	16269
16253	16502
16377	16368
16238	16509
16287	16448
16422	16320
16417	16321
16327	16408
16490	16221
16454	16282
16429	16300
16383	16356
16317	16414
16377	16368
16282	16462
16258	16488
16076	16610
16076	16610
16474	16260
16391	16355
16258	16488
16095	16595
16484	16233
16287	16448
16397	16342
16317	16414
16438	16295
16474	16260
16500	16219
16439	16287
16362	16381
16085	16606
16393	16346
16458	16269
16361	16396
16087	16602
16253	16502
16501	16215
16408	16340
16095	16595
16445	16286
16417	16321
16104	16592
16431	16297
16429	16300
16445	16286
16087	16602
16422	16320
16490	16221
16454	16282
16383	16356
16397	16342
16085	16606
16501	16215
16393	16346
16480	16259
16431	16297
16391	16355
16438	16295
16500	16219
16439	16287
15986	16646
16219	16554
16287	16448
16317	16414
16408	16340
16383	16356
16085	16606
16431	16297
16391	16355
16439	16287
16317	16414

15941	16680
16625	15903
16625	15903
15941	16680
16589	15931
16020	16671
16535	16170
16587	16006
16538	16102
16543	16069
16571	16067
16039	16626
16374	16362
15966	16677
16378	16330
16474	16241
16506	16171
16227	16476
16266	16465
16306	16427
16064	16604
16140	16556
16574	16037
16437	16260
16058	16624
16345	16373
16104	16574
16489	16200
16283	16432
16538	16102
16483	16213
16574	16037
16452	16258
16098	16595
16587	16006
16087	16602
16120	16564
16344	16381
16313	16419
16268	16462
16161	16528
16589	15931
16326	16383
16408	16319
16274	16443
16020	16671
16153	16533
16418	16306
16474	16241
16320	16384
16393	16329
16452	16258
16208	16490
16120	16564
16317	16400
16226	16480
16432	16278
16039	16626
16418	16306
16483	16213
16140	16556
16427	16290
15966	16677
16427	16290
16408	16319
16503	16184
16153	16533
16172	16515
16203	16496
16314	16405
16393	16329
15952	16678
16274	16443
16432	16278
16104	16574
16496	16190
16172	16515
16183	16509
16208	16490
16374	16362
16283	16432
16187	16506
16087	16602
16192	16504
16157	16529
16502	16187
16098	16595
16203	16496
16192	16504
15952	16678
16266	16465
16345	16373
16227	16476
16226	16480
16496	16190
16177	16511
16058	16624
16064	16604
16316	16404
16177	16511

15856	16739
16534	16191
15856	16739
16534	16191
16216	16529
16234	16509
16008	16675
16469	16267
16479	16237
15949	16705
16191	16545
15966	16691
15896	16710
16102	16624
16025	16656
16423	16311
15896	16710
15910	16706
16048	16646
16108	16596
16089	16628
16282	16444
16256	16479
16008	16675
16071	16631
16505	16223
16048	16646
16157	16557
16408	16314
16241	16482
16370	16356
16138	16579
16139	16564
16025	16656
16526	16198
16513	16215
16114	16586
15966	16691
16479	16237
16306	16427
16308	16420
16193	16542
16071	16631
16379	16354
16352	16384
16505	16223
16448	16282
16448	16282
16157	16557
16277	16453
16513	16215
16336	16395
16461	16275
16326	16400
16296	16432
16401	16321
16430	16295
16526	16198
16357	16373
16365	16367
16432	16291
16240	16493
16317	16406
16240	16493
15958	16699
16261	16467
16391	16333
16401	16321
16130	16581
16108	16596
16265	16462
16193	16542
16391	16333
16339	16392
16461	16275
16325	16404
16147	16562
16148	16558
16277	16453
16294	16435
15958	16699
15910	16706
16265	16462
16383	16345
16313	16411
16352	16384
16130	16581
16294	16435
16432	16291
16339	16392
16365	16367
16357	16373
16114	16586
16430	16295
16387	16339
16383	16345
16387	16339
16313	16411
16261	16467
16102	16624

16557	16145
16557	16145
15901	16745
15901	16745
16543	16188
15937	16730
16122	16581
16166	16580
16509	16199
16275	16483
16207	16536
15937	16730
16049	16662
16500	16230
16478	16271
16228	16522
16342	16420
16207	16536
15976	16699
16171	16570
16426	16328
16300	16432
16508	16223
16285	16454
16171	16570
16406	16339
16028	16669
16265	16490
15976	16699
16028	16669
16398	16359
16253	16501
16121	16599
15996	16688
16253	16501
15996	16688
16285	16454
15983	16691
16060	16648
16104	16602
16478	16271
16500	16230
16436	16305
16099	16614
16371	16376
16084	16623
16296	16433
16382	16373
16543	16188
16358	16406
16074	16634
16364	16391
16398	16359
16227	16525
16364	16391
16426	16328
16074	16634
16342	16420
16406	16339
16084	16623
16382	16373
16450	16296
16064	16647
16349	16412
16300	16432
16461	16287
16099	16614
16436	16305
16440	16301
16349	16412
16450	16296
16227	16525
16509	16199
16358	16406
16296	16433
16458	16288
16470	16278
16470	16278
16064	16647
16466	16281
16371	16376
16440	16301
16458	16288
16466	16281
16104	16602
16121	16599
16122	16581
16207	16536
15996	16688
16478	16271
16500	16230
16398	16359
16074	16634
16382	16373
16099	16614
16227	16525
16121	16599
16382	16373
16398	16359
16121	16599

16655	16076
16655	16076
16078	16622
16630	16141
16593	16155
16173	16576
16407	16385
16588	16190
16446	16340
16209	16570
16440	16372
16142	16601
16314	16485
16630	16141
16373	16438
16107	16610
16543	16224
16388	16415
16314	16485
16564	16216
16388	16415
16358	16439
16349	16458
16248	16525
16536	16253
16334	16469
16334	16469
16477	16325
16525	16272
16263	16515
16224	16535
16399	16395
16288	16500
16218	16545
16288	16500
16427	16373
16249	16516
16161	16580
16575	16191
16542	16239
16399	16395
16107	16610
16095	16614
16427	16373
16215	16559
16150	16592
16349	16458
16150	16592
16095	16614
16508	16279
16593	16155
16500	16286
16572	16202
16531	16259
16453	16339
16572	16202
16142	16601
16461	16332
16564	16216
16373	16438
16542	16239
16457	16333
16161	16580
16215	16559
16525	16272
16270	16508
16224	16535
16479	16312
16209	16570
16531	16259
16270	16508
16277	16502
16248	16525
16508	16279
16461	16332
16496	16293
16489	16308
16496	16293
16358	16439
16543	16224
16222	16540
16478	16319
16490	16302
16492	16299
16504	16282
16484	16309
16478	16319
16222	16540
16492	16299
16504	16282
16440	16372
16276	16503
16276	16503
16588	16190
16484	16309
16479	16312
16490	16302
16575	16191
16277	16502
16489	16308

16560	16175
16560	16175
15909	16757
15909	16757
16070	16686
15911	16716
16004	16709
16080	16650
16462	16313
16128	16623
16472	16277
16231	16532
16210	16559
16026	16699
16210	16559
16129	16608
16496	16263
16535	16240
15955	16715
15955	16715
16264	16512
16552	16179
16180	16589
16418	16368
16231	16532
16422	16342
16501	16247
16356	16407
16540	16215
16080	16650
16381	16398
16164	16593
16026	16699
16341	16443
16437	16327
16264	16512
16128	16623
16180	16589
16353	16423
16402	16376
16462	16313
16472	16277
16308	16477
16353	16423
16315	16463
16298	16479
16436	16336
16275	16497
16385	16380
16540	16215
16315	16463
16282	16492
16282	16492
16402	16376
16167	16590
16164	16593
16327	16444
16324	16449
16298	16479
16539	16225
16129	16608
16437	16327
16275	16497
16552	16179
16539	16225
16324	16449
16384	16386
16341	16443
16381	16398
16356	16407
16418	16368
16499	16255
16535	16240
16499	16255
16422	16342
16501	16247
16384	16386
16308	16477
16436	16336
16385	16380
16327	16444
15911	16716
16210	16559
16080	16650
16026	16699
16353	16423
16540	16215
16164	16593
16298	16479
16437	16327
16356	16407
16381	16398
16418	16368
16384	16386
16385	16380
15911	16716
16356	16407
16164	16593
16026	16699
16353	16423

16530	16174
15828	16713
15828	16713
16530	16174
16048	16653
16490	16203
16203	16525
15901	16706
15939	16684
15991	16670
15991	16670
16244	16504
16418	16340
16486	16245
16473	16274
16090	16597
16365	16363
16051	16624
16331	16423
16477	16271
16420	16307
15936	16693
16292	16431
15901	16706
16442	16291
16394	16350
16490	16203
16141	16573
16394	16350
16244	16504
16257	16480
16486	16245
16350	16384
16442	16291
16358	16383
16111	16585
16341	16404
16187	16530
16166	16541
16347	16401
16075	16613
16187	16530
16068	16621
16153	16550
16107	16594
16075	16613
16314	16425
16314	16425
16365	16363
16257	16480
16146	16564
16274	16452
16141	16573
15936	16693
16266	16472
16166	16541
16146	16564
16289	16440
16430	16300
16161	16548
16111	16585
16430	16300
16418	16340
16267	16464
16277	16445
16341	16404
16271	16457
16266	16472
16424	16303
16068	16621
16282	16442
16271	16457
16110	16587
16267	16464
16153	16550
16358	16383
16424	16303
16161	16548
16282	16442
16420	16307
16347	16401
16107	16594
16051	16624
16277	16445
16289	16440
16110	16587
15901	16706
15936	16693
16146	16564
16418	16340
16068	16621
16271	16457
16267	16464
16282	16442
16161	16548
16110	16587
15901	16706
16161	16548
15936	16693
15936	16693

15972	16669
16626	16042
15972	16669
16626	16042
16601	16091
16518	16268
16098	16646
16144	16599
16536	16238
16349	16433
16017	16659
16169	16591
16316	16450
16394	16386
16219	16551
16486	16275
16062	16651
16134	16629
16291	16492
16396	16361
16098	16646
16197	16557
16538	16208
16601	16091
16017	16659
16225	16530
16164	16597
16564	16156
16519	16253
16355	16396
16436	16317
16042	16657
16139	16623
16464	16304
16584	16118
16384	16392
16268	16494
16353	16419
16454	16313
16466	16296
16429	16327
16246	16517
16546	16200
16570	16127
16062	16651
16316	16450
16185	16573
16595	16103
16134	16629
16425	16341
16185	16573
16042	16657
16466	16296
16566	16148
16560	16174
16349	16433
16595	16103
16485	16277
16485	16277
16557	16183
16309	16461
16309	16461
16584	16118
16557	16183
16360	16395
16546	16200
16300	16474
16251	16509
16536	16238
16295	16480
16192	16563
16190	16567
16434	16324
16228	16527
16405	16357
16236	16520
16519	16253
16353	16419
16253	16506
16258	16500
16410	16353
16417	16349
16233	16521
16300	16474
16373	16394
16454	16313
16567	16138
16560	16174
16567	16138
16570	16127
16425	16341
16219	16551
16417	16349
16268	16494
16373	16394
16139	16623
16258	16500
16538	16208
16295	16480
16406	16354

16629	16029
16629	16029
16035	16609
16035	16609
16618	16108
16571	16170
16515	16230
16573	16118
16062	16579
16313	16443
16462	16271
16149	16558
16105	16560
16287	16448
16480	16263
16316	16417
16097	16576
16427	16314
16351	16377
16411	16343
16544	16178
16583	16112
16384	16349
16454	16294
16523	16203
16278	16461
16612	16110
16527	16188
16333	16416
16062	16579
16157	16557
16158	16541
16218	16491
16371	16372
16490	16247
16444	16299
16443	16308
16205	16502
16542	16187
16523	16203
16338	16395
16233	16488
16338	16395
16205	16502
16240	16470
16173	16525
16189	16518
16490	16247
16260	16468
16487	16248
16376	16356
16166	16540
16417	16322
16351	16377
16195	16513
16278	16461
16218	16491
16334	16405
16168	16530
16102	16570
16260	16468
16195	16513
16412	16332
16375	16366
16384	16349
16189	16518
16454	16294
16618	16108
16252	16469
16173	16525
16583	16112
16334	16405
16415	16330
16236	16479
16571	16170
16417	16322
16544	16178
16235	16480
16102	16570
16371	16372
16252	16469
16376	16356
16097	16576
16612	16110
16487	16248
16411	16343
16443	16308
16375	16366
16168	16530
16233	16488
16105	16560
16236	16479
16527	16188
16240	16470
16415	16330
16316	16417
16412	16332
16542	16187
16166	16540
16235	16480

16650	16027
15913	16753
15913	16753
16650	16027
16505	16259
16198	16543
16506	16203
16461	16266
15921	16712
16619	16050
16058	16642
16314	16450
16171	16570
16034	16667
15994	16695
16131	16573
16419	16343
16117	16614
16361	16409
16004	16677
15957	16701
16448	16307
16327	16415
16273	16454
16602	16105
16448	16307
16097	16617
16419	16343
15957	16701
16610	16083
16224	16506
16120	16588
16071	16641
16458	16291
16579	16130
16034	16667
15917	16741
16602	16105
16575	16142
16619	16050
16224	16506
16610	16083
16241	16493
16579	16130
16554	16151
16518	16201
16097	16617
16532	16193
16186	16554
16374	16391
16071	16641
16186	16554
16322	16428
16374	16391
16247	16476
16534	16174
16403	16357
16228	16496
16541	16160
16535	16172
16385	16364
16255	16463
16004	16677
16458	16291
16381	16376
16247	16476
16381	16376
16554	16151
16361	16409
16403	16357
16120	16588
16325	16427
16171	16570
15917	16741
15994	16695
15921	16712
16262	16459
16273	16454
16225	16500
16131	16573
16575	16142
16394	16360
16262	16459
16314	16450
16255	16463
16394	16360
16544	16159
16527	16195
16527	16195
16544	16159
16461	16266
16241	16493
16322	16428
16505	16259
16327	16415
16385	16364
16650	16027
15921	16712
16544	16159
16505	16259

16670	16026
16017	16665
16670	16026
16017	16665
16155	16605
16110	16612
16609	16148
16590	16155
16234	16544
16388	16393
16051	16642
16238	16525
16587	16173
16262	16511
16089	16633
16621	16115
16380	16415
16308	16485
16621	16115
16262	16511
16287	16500
16046	16648
16212	16545
16324	16476
16104	16616
16176	16578
16635	16051
16664	16037
16519	16253
16164	16589
16557	16183
16347	16432
16625	16089
16097	16632
16552	16189
16333	16459
16506	16278
16364	16429
16481	16299
16339	16437
16453	16330
16400	16390
16440	16340
16404	16379
16551	16208
16474	16310
16495	16282
16416	16376
16466	16312
16157	16592
16322	16481
16191	16564
16532	16224
16208	16552
16291	16488
16333	16459
16191	16564
16446	16338
16046	16648
16380	16415
16511	16255
16426	16354
16652	16041
16574	16178
16543	16209
16652	16041
16482	16288
16530	16232
16609	16148
16484	16283
16364	16429
16633	16067
16238	16525
16529	16240
16574	16178
16631	16078
16460	16322
16089	16633
16180	16572
16417	16366
16208	16552
16289	16490
16430	16352
16509	16265
16625	16089
16529	16240
16051	16642
16460	16322
16287	16500
16633	16067
16631	16078
16509	16265
16538	16216
16538	16216
16635	16051
16180	16572
16430	16352
16419	16363
16339	16437
16419	16363

15924	16686
16677	16019
16677	16019
15924	16686
16610	16059
15927	16665
16034	16649
16333	16442
16156	16542
16413	16345
16280	16445
16478	16289
16511	16233
16339	16400
16205	16523
16251	16491
16604	16093
16533	16216
16574	16152
16585	16124
16257	16463
16479	16257
16585	16124
16055	16613
16604	16093
16040	16627
16083	16603
16535	16187
16394	16348
16140	16544
16137	16567
16426	16317
16102	16589
16352	16399
16225	16507
16205	16523
16127	16573
16370	16373
16574	16152
16552	16170
16552	16170
16102	16589
16451	16297
16449	16299
16272	16457
16085	16593
16127	16573
16437	16310
16225	16507
16376	16365
16055	16613
16500	16242
16376	16365
16489	16255
16034	16649
16251	16491
16541	16177
16040	16627
16394	16348
16533	16216
16500	16242
16355	16384
16216	16513
16359	16378
16216	16513
16430	16316
16272	16457
16426	16317
16541	16177
16083	16603
16535	16187
16489	16255
16257	16463
16151	16543
16280	16445
16451	16297
16478	16289
16137	16567
16355	16384
16359	16378
16333	16442
16435	16311
16339	16400
16085	16593
16151	16543
16435	16311
16140	16544
16479	16257
15924	16686
16102	16589
16216	16513
16272	16457
16083	16603
16489	16255
16257	16463
16333	16442
16140	16544
16479	16257
16257	16463
16102	16589

16485	16215
16148	16585
16485	16215
16148	16585
16394	16395
16201	16551
16301	16470
16459	16258
16359	16400
16329	16445
16433	16326
16449	16270
16441	16304
16405	16354
16296	16474
16459	16258
16167	16555
16221	16515
16245	16508
16329	16445
16214	16525
16441	16304
16174	16554
16271	16478
16412	16344
16433	16326
16412	16344
16214	16525
16338	16428
16167	16555
16338	16428
16342	16416
16449	16270
16350	16411
16394	16395
16405	16354
16271	16478
16350	16411
16359	16400
16245	16508
16252	16498
16221	16515
16256	16482
16252	16498
16261	16481
16406	16349
16254	16491
16174	16554
16342	16416
16254	16491
16261	16481
16406	16349
16256	16482
16148	16585
16459	16258
16329	16445
16433	16326
16412	16344
16214	16525
16338	16428
16449	16270
16394	16395
16271	16478
16245	16508
16221	16515
16174	16554
16342	16416
16254	16491
16261	16481
16256	16482
16271	16478
16338	16428
16148	16585
16174	16554
16221	16515
16221	16515
16271	16478
16256	16482
16221	16515
16459	16258
16174	16554
16221	16515
16394	16395
16338	16428
16433	16326
16459	16258
16174	16554
16338	16428
16338	16428
16221	16515
16459	16258
16214	16525
16214	16525
16221	16515
16174	16554
16221	16515
16221	16515
16214	16525
16214	16525
16256	16482

